n,Xn,Fm,Error
1,-3,-0.141120008059867,1.0005
2,-3.5,0.35078322768962,0.5
3,-3.25,0.108195134530108,0.25
4,-3.125,-0.0165918922293479,0.125
5,-3.1875,0.0458912232727797,0.0625
6,-3.15625,0.0146568215904923,0.03125
7,-3.140625,-0.000967653438782279,0.015625
8,-3.1484375,0.00684479296129652,0.0078125
9,-3.14453125,0.00293859218090773,0.00390625
10,-3.142578125,0.000985471250699369,0.001953125
11,-3.1416015625,8.90891020664369e-06,0.0009765625
12,-3.14111328125,-0.000479372321433451,0.00048828125
